esp 0x61ff10: cd 74 c3 76 60 1c 40 00|60 ff 61 00 be 1c 40 00
ebp 0x61ff38: 60 ff 61 00 50 12 40 00|01 00 00 00 38 23 a6 00

esp 0x61fef4: e0 fe 61 00 18 ff 61 00|cc ff 61 00 50 d2 c3 76
ebp 0x61ff08: 38 ff 61 00 4a 14 40 00|05 00 00 00 09 00 00 00

esp 0x61feec: 08 ff 61 00 fd 13 40 00|05 00 00 00 18 ff 61 00
ebp 0x61feec: 08 ff 61 00 fd 13 40 00|05 00 00 00 18 ff 61 00

esp 0x61fef4: 05 00 00 00 18 ff 61 00|cc ff 61 00 50 d2 c3 76
ebp 0x61ff08: 38 ff 61 00 4a 14 40 00|05 00 00 00 09 00 00 00

esp 0x61feec: 08 ff 61 00 0b 14 40 00|09 00 00 00 18 ff 61 00
ebp 0x61feec: 08 ff 61 00 0b 14 40 00|09 00 00 00 18 ff 61 00

esp 0x61fef4: 09 00 00 00 18 ff 61 00|cc ff 61 00 51 00 00 00
ebp 0x61ff08: 38 ff 61 00 4a 14 40 00|05 00 00 00 09 00 00 00

esp 0x61ff40: 01 00 00 00 38 23 a6 00|48 18 a6 00 02 00 00 00
ebp 0x61ff60: 94 ff 61 00 b5 12 40 00|01 00 00 00 00 00 00 00